10,295
10,275
10,153
10,265
10,35
10,191
10,177
10,255
9,7
9,2
9,3
8,5
8,14
8,6
8,16
8,10
8,12
8,18
8,2
116,3
116,2
116,1
20,3
20,2
20,1
19,3
19,2
19,1
12,3
12,2
12,1
11,30
11,29
11,27
11,26
11,25
11,24
11,23
11,22
11,21
11,20
11,19
11,18
11,17
11,16
11,15
11,14
11,13
11,12
11,11
11,10
11,9
11,8
11,7
11,6
11,5
11,4
11,3
11,2
11,1
10,309
10,300
10,292
10,284
10,282
10,280
10,279
10,278
10,277
10,271
10,267
10,259
10,253
10,252
10,240
10,236
10,235
10,234
10,228
10,226
10,224
10,220
10,218
10,214
10,212
10,200
18,1
10,198
18,3
10,196
10,190
14,1
10,189
14,3
13,1
10,188
13,3
10,183
10,182
10,180
10,178
10,173
10,148
10,146
10,122
10,121
10,114
10,106
10,100
